9.902681031345e-01 1.056680488755e-01 -9.057260976670e-02 4.175194726554e-02 1.391730481443e-01 -7.518676013401e-01 6.444579187095e-01 -2.970804718008e-01 1.931015111274e-08 -6.507913484007e-01 -7.592566475264e-01 8.098214590157e-01
6.156614068265e-01 6.412307329006e-01 -4.580218916830e-01 2.364032336977e-01 7.880107043333e-01 -5.009843243433e-01 3.578458987785e-01 -1.846984372862e-01 -2.371766069355e-08 -5.812381924836e-01 -8.137334559741e-01 8.798215024138e-01
-3.746066965668e-01 8.522165229807e-01 -3.652356053365e-01 2.781552996721e-01 9.271839137308e-01 3.443178798525e-01 -1.475647865125e-01 1.123820537038e-01 -2.332570494821e-08 -3.939192090132e-01 -9.191451399637e-01 1.159821794289e+00
-9.902680444386e-01 1.132497673030e-01 -8.089264399752e-02 4.175195209499e-02 1.391730416782e-01 8.058142813623e-01 -5.755815587529e-01 2.970804983107e-01 3.634752637875e-09 -5.812380840264e-01 -8.137335334435e-01 8.798214904321e-01
-6.156614873048e-01 6.917910989370e-01 -3.773406805486e-01 2.364031969754e-01 7.880107606660e-01 5.404864909540e-01 -2.948108766321e-01 1.846985121759e-01 -1.171259195515e-08 -4.788521999068e-01 -8.778955294404e-01 1.009821733578e+00
3.746065966173e-01 7.039704348504e-01 -6.034031661695e-01 2.781552348645e-01 9.271838349037e-01 -2.844225367842e-01 2.437906989104e-01 -1.123820482699e-01 -3.850815007308e-08 -6.507913756595e-01 -7.592565645571e-01 8.098213870294e-01
9.902680346048e-01 1.221793683693e-01 -6.664333978320e-02 4.175193621252e-02 1.391731116493e-01 -8.693519561605e-01 4.741920733145e-01 -2.970804089328e-01 -3.284705848567e-09 -4.788522277870e-01 -8.778955142330e-01 1.009821338736e+00
6.156614449177e-01 7.242960998073e-01 -3.104124466238e-01 2.364029784873e-01 7.880106280049e-01 -5.658821374983e-01 2.425208262900e-01 -1.846982996394e-01 7.132092379361e-09 -3.939192284721e-01 -9.191449783551e-01 1.159821440121e+00
-3.746064551623e-01 7.544805247105e-01 -5.389145499786e-01 2.781551003374e-01 9.271836536367e-01 3.048298495182e-01 -2.177355621421e-01 1.123819298200e-01 3.559264466213e-08 -5.812382070147e-01 -8.137333859901e-01 8.798214613121e-01
-9.902681110636e-01 1.279202324408e-01 -5.482288187807e-02 4.175196990339e-02 1.391729917258e-01 9.102000228526e-01 -3.900856572160e-01 2.970804871871e-01 -1.219521156391e-07 -3.939192217752e-01 -9.191450748896e-01 1.159821864328e+00
-6.156616351722e-01 5.983024203551e-01 -5.128305426711e-01 2.364033363254e-01 7.880107643486e-01 4.674451573362e-01 -4.006672716899e-01 1.846985814708e-01 -9.329804419427e-08 -6.507913037903e-01 -7.592567368536e-01 8.098217184461e-01
3.746065183070e-01 8.139705356407e-01 -4.439838531707e-01 2.781550874295e-01 9.271836040428e-01 -3.288654209679e-01 1.793811082621e-01 -1.123819585577e-01 -4.930520210762e-08 -4.788522321423e-01 -8.778954576714e-01 1.009821469327e+00
9.902681031345e-01 1.056680488755e-01 -9.057260976670e-02 4.175194726554e-02 1.391730481443e-01 -7.518676013401e-01 6.444579187095e-01 -2.970804718008e-01 1.931015111274e-08 -6.507913484007e-01 -7.592566475264e-01 8.098214590157e-01
6.156614068265e-01 6.412307329006e-01 -4.580218916830e-01 2.364032336977e-01 7.880107043333e-01 -5.009843243433e-01 3.578458987785e-01 -1.846984372862e-01 -2.371766069355e-08 -5.812381924836e-01 -8.137334559741e-01 8.798215024138e-01
-3.746066965668e-01 8.522165229807e-01 -3.652356053365e-01 2.781552996721e-01 9.271839137308e-01 3.443178798525e-01 -1.475647865125e-01 1.123820537038e-01 -2.332570494821e-08 -3.939192090132e-01 -9.191451399637e-01 1.159821794289e+00
-9.902680444386e-01 1.132497673030e-01 -8.089264399752e-02 4.175195209499e-02 1.391730416782e-01 8.058142813623e-01 -5.755815587529e-01 2.970804983107e-01 3.634752637875e-09 -5.812380840264e-01 -8.137335334435e-01 8.798214904321e-01
-6.156614873048e-01 6.917910989370e-01 -3.773406805486e-01 2.364031969754e-01 7.880107606660e-01 5.404864909540e-01 -2.948108766321e-01 1.846985121759e-01 -1.171259195515e-08 -4.788521999068e-01 -8.778955294404e-01 1.009821733578e+00
3.746065966173e-01 7.039704348504e-01 -6.034031661695e-01 2.781552348645e-01 9.271838349037e-01 -2.844225367842e-01 2.437906989104e-01 -1.123820482699e-01 -3.850815007308e-08 -6.507913756595e-01 -7.592565645571e-01 8.098213870294e-01
9.902680346048e-01 1.221793683693e-01 -6.664333978320e-02 4.175193621252e-02 1.391731116493e-01 -8.693519561605e-01 4.741920733145e-01 -2.970804089328e-01 -3.284705848567e-09 -4.788522277870e-01 -8.778955142330e-01 1.009821338736e+00
6.156614449177e-01 7.242960998073e-01 -3.104124466238e-01 2.364029784873e-01 7.880106280049e-01 -5.658821374983e-01 2.425208262900e-01 -1.846982996394e-01 7.132092379361e-09 -3.939192284721e-01 -9.191449783551e-01 1.159821440121e+00
-3.746064551623e-01 7.544805247105e-01 -5.389145499786e-01 2.781551003374e-01 9.271836536367e-01 3.048298495182e-01 -2.177355621421e-01 1.123819298200e-01 3.559264466213e-08 -5.812382070147e-01 -8.137333859901e-01 8.798214613121e-01
-9.902681110636e-01 1.279202324408e-01 -5.482288187807e-02 4.175196990339e-02 1.391729917258e-01 9.102000228526e-01 -3.900856572160e-01 2.970804871871e-01 -1.219521156391e-07 -3.939192217752e-01 -9.191450748896e-01 1.159821864328e+00
-6.156616351722e-01 5.983024203551e-01 -5.128305426711e-01 2.364033363254e-01 7.880107643486e-01 4.674451573362e-01 -4.006672716899e-01 1.846985814708e-01 -9.329804419427e-08 -6.507913037903e-01 -7.592567368536e-01 8.098217184461e-01
3.746065183070e-01 8.139705356407e-01 -4.439838531707e-01 2.781550874295e-01 9.271836040428e-01 -3.288654209679e-01 1.793811082621e-01 -1.123819585577e-01 -4.930520210762e-08 -4.788522321423e-01 -8.778954576714e-01 1.009821469327e+00
9.902681031345e-01 1.056680488755e-01 -9.057260976670e-02 4.175194726554e-02 1.391730481443e-01 -7.518676013401e-01 6.444579187095e-01 -2.970804718008e-01 1.931015111274e-08 -6.507913484007e-01 -7.592566475264e-01 8.098214590157e-01
6.156614068265e-01 6.412307329006e-01 -4.580218916830e-01 2.364032336977e-01 7.880107043333e-01 -5.009843243433e-01 3.578458987785e-01 -1.846984372862e-01 -2.371766069355e-08 -5.812381924836e-01 -8.137334559741e-01 8.798215024138e-01
-3.746066965668e-01 8.522165229807e-01 -3.652356053365e-01 2.781552996721e-01 9.271839137308e-01 3.443178798525e-01 -1.475647865125e-01 1.123820537038e-01 -2.332570494821e-08 -3.939192090132e-01 -9.191451399637e-01 1.159821794289e+00
-9.902680444386e-01 1.132497673030e-01 -8.089264399752e-02 4.175195209499e-02 1.391730416782e-01 8.058142813623e-01 -5.755815587529e-01 2.970804983107e-01 3.634752637875e-09 -5.812380840264e-01 -8.137335334435e-01 8.798214904321e-01
-6.156614873048e-01 6.917910989370e-01 -3.773406805486e-01 2.364031969754e-01 7.880107606660e-01 5.404864909540e-01 -2.948108766321e-01 1.846985121759e-01 -1.171259195515e-08 -4.788521999068e-01 -8.778955294404e-01 1.009821733578e+00
3.746065966173e-01 7.039704348504e-01 -6.034031661695e-01 2.781552348645e-01 9.271838349037e-01 -2.844225367842e-01 2.437906989104e-01 -1.123820482699e-01 -3.850815007308e-08 -6.507913756595e-01 -7.592565645571e-01 8.098213870294e-01
9.902680346048e-01 1.221793683693e-01 -6.664333978320e-02 4.175193621252e-02 1.391731116493e-01 -8.693519561605e-01 4.741920733145e-01 -2.970804089328e-01 -3.284705848567e-09 -4.788522277870e-01 -8.778955142330e-01 1.009821338736e+00
6.156614449177e-01 7.242960998073e-01 -3.104124466238e-01 2.364029784873e-01 7.880106280049e-01 -5.658821374983e-01 2.425208262900e-01 -1.846982996394e-01 7.132092379361e-09 -3.939192284721e-01 -9.191449783551e-01 1.159821440121e+00
-3.746064551623e-01 7.544805247105e-01 -5.389145499786e-01 2.781551003374e-01 9.271836536367e-01 3.048298495182e-01 -2.177355621421e-01 1.123819298200e-01 3.559264466213e-08 -5.812382070147e-01 -8.137333859901e-01 8.798214613121e-01
-9.902681110636e-01 1.279202324408e-01 -5.482288187807e-02 4.175196990339e-02 1.391729917258e-01 9.102000228526e-01 -3.900856572160e-01 2.970804871871e-01 -1.219521156391e-07 -3.939192217752e-01 -9.191450748896e-01 1.159821864328e+00
-6.156616351722e-01 5.983024203551e-01 -5.128305426711e-01 2.364033363254e-01 7.880107643486e-01 4.674451573362e-01 -4.006672716899e-01 1.846985814708e-01 -9.329804419427e-08 -6.507913037903e-01 -7.592567368536e-01 8.098217184461e-01
3.746065183070e-01 8.139705356407e-01 -4.439838531707e-01 2.781550874295e-01 9.271836040428e-01 -3.288654209679e-01 1.793811082621e-01 -1.123819585577e-01 -4.930520210762e-08 -4.788522321423e-01 -8.778954576714e-01 1.009821469327e+00
9.902681031345e-01 1.056680488755e-01 -9.057260976670e-02 4.175194726554e-02 1.391730481443e-01 -7.518676013401e-01 6.444579187095e-01 -2.970804718008e-01 1.931015111274e-08 -6.507913484007e-01 -7.592566475264e-01 8.098214590157e-01
6.156614068265e-01 6.412307329006e-01 -4.580218916830e-01 2.364032336977e-01 7.880107043333e-01 -5.009843243433e-01 3.578458987785e-01 -1.846984372862e-01 -2.371766069355e-08 -5.812381924836e-01 -8.137334559741e-01 8.798215024138e-01
-3.746066965668e-01 8.522165229807e-01 -3.652356053365e-01 2.781552996721e-01 9.271839137308e-01 3.443178798525e-01 -1.475647865125e-01 1.123820537038e-01 -2.332570494821e-08 -3.939192090132e-01 -9.191451399637e-01 1.159821794289e+00
-9.902680444386e-01 1.132497673030e-01 -8.089264399752e-02 4.175195209499e-02 1.391730416782e-01 8.058142813623e-01 -5.755815587529e-01 2.970804983107e-01 3.634752637875e-09 -5.812380840264e-01 -8.137335334435e-01 8.798214904321e-01
-4.694714649944e-01 7.751357342427e-01 -4.228012378218e-01 2.648841354220e-01 8.829473976065e-01 4.121469448589e-01 -2.248073863103e-01 1.408413470953e-01 2.971375139413e-08 -4.788522146031e-01 -8.778954672382e-01 1.009821266014e+00
